QCD_fwd2brpf_par0: 0.564284857772 +/- 0.0347023046151
QCD_fwd2brpf_par1: 0.396424591932 +/- 0.4274926499
QCD_fwd2brpf_par2: 2.34355976649 +/- 1.63661122683
QCD_fwd2brpf_par3: -2.41119706503 +/- 1.66223878723
QCD_fwd2brpf_par4: 1.90869002251 +/- 0.302582717057
