QCD_fwd0brpf_par0: 0.0171015926389 +/- 0.00149289219643
QCD_fwd0brpf_par1: 0.568236892215 +/- 0.00708277407979
