QCD_fwd1brpf_par0: 0.0903180605739 +/- 0.00450700860056
QCD_fwd1brpf_par1: 0.0380222971932 +/- 0.0282589358921
QCD_fwd1brpf_par2: 0.012253469414 +/- 0.105600116364
QCD_fwd1brpf_par3: 0.190779052258 +/- 0.110541478656
QCD_fwd1brpf_par4: 10.4796112398 +/- 0.730302124278
