QCD_cen0brpf_par0: 0.0118699018833 +/- 0.00122135696287
QCD_cen0brpf_par1: 1.29600181931 +/- 0.015361114769
