QCD_cen2brpf_par0: 0.558821866699 +/- 0.0330543798582
QCD_cen2brpf_par1: 0.915773271937 +/- 0.150029492812
QCD_cen2brpf_par2: 4.60115451206 +/- 1.10311509527
QCD_cen2brpf_par3: 1.14079126483 +/- 2.51890018166
