QCD_cen1brpf_par0: 0.0757447002496 +/- 0.00375437939325
QCD_cen1brpf_par1: 0.0178716893028 +/- 0.024790800797
QCD_cen1brpf_par2: 0.00909628414749 +/- 0.0791225337255
QCD_cen1brpf_par3: 0.0481563035302 +/- 0.0719472370316
QCD_cen1brpf_par4: 32.6632933325 +/- 2.08231914284
