QCD_fwd2brpf_par0: 0.776661140856 +/- 0.0477998287809
QCD_fwd2brpf_par1: 4.32029913908 +/- 0.732967977984
QCD_fwd2brpf_par2: -0.471656342057 +/- 2.60148034292
QCD_fwd2brpf_par3: -3.20992549281 +/- 2.4873562386
QCD_fwd2brpf_par4: 0.514821555106 +/- 0.158599314288
