QCD_cen1brpf_par0: 0.0596536210876 +/- 0.0051288478197
QCD_cen1brpf_par1: 0.113000059985 +/- 0.0194568284627
QCD_cen1brpf_par2: -0.170024516358 +/- 0.0523115067754
QCD_cen1brpf_par3: 0.0838998628496 +/- 0.0431044573868
QCD_cen1brpf_par4: 44.3316748707 +/- 4.43174953366
