QCD_cen0brpf_par0: -0.105856881554 +/- 0.00266116948313
QCD_cen0brpf_par1: 0.04999707532 +/- 0.0105284922822
