QCD_fwd1brpf_par0: 0.166685222783 +/- 0.00714789615191
QCD_fwd1brpf_par1: -0.0183687257358 +/- 0.0470139262963
QCD_fwd1brpf_par2: 0.33428308999 +/- 0.167803325299
QCD_fwd1brpf_par3: -0.0181023563835 +/- 0.162618642137
QCD_fwd1brpf_par4: 6.33029215503 +/- 0.421689376394
