QCD_cen2brpf_par0: 0.438920777629 +/- 0.0343045485153
QCD_cen2brpf_par1: 5.23530960954 +/- 0.521432629416
QCD_cen2brpf_par2: -7.16662492781 +/- 1.3777417386
QCD_cen2brpf_par3: 1.93384365183 +/- 1.08078984762
QCD_cen2brpf_par4: 7.93841411124 +/- 0.927636069167
