QCD_fwd0brpf_par0: -0.606563420675 +/- 47.208404124
QCD_fwd0brpf_par1: -25.3571318234 +/- 0.00162762766781
