QCD_cen0brpf_par0: 0.0140916758875 +/- 0.000184934194422
QCD_cen0brpf_par1: -0.0182458977302 +/- 0.00271915581642
QCD_cen0brpf_par2: 0.0375600645501 +/- 0.00883485215584
QCD_cen0brpf_par3: -0.0191678869595 +/- 0.00765358439873
QCD_cen0brpf_par4: 100.0 +/- 1.36030107041
