QCD_fwd0brpf_par0: 0.0262264136962 +/- 5.68628249837e-05
QCD_fwd0brpf_par1: -0.0424045523094 +/- 0.000253211884839
QCD_fwd0brpf_par2: 0.093348292715 +/- 0.000572830884146
QCD_fwd0brpf_par3: -0.0357037947442 +/- 0.00097064392348
QCD_fwd0brpf_par4: 27.2510196367 +/- 0.0761311893847
