QCD_fwd2brpf_par0: 0.706747506028 +/- 0.0460182569131
QCD_fwd2brpf_par1: 3.35757768788 +/- 0.666149342017
QCD_fwd2brpf_par2: -0.528969971252 +/- 2.30241089376
QCD_fwd2brpf_par3: -1.79709025441 +/- 2.1750753096
QCD_fwd2brpf_par4: 0.795197966262 +/- 0.197075918409
