QCD_cen1brpf_par0: 0.0561733882457 +/- 0.00508892510295
QCD_cen1brpf_par1: 0.0954901761113 +/- 0.0191787848297
QCD_cen1brpf_par2: -0.121418150295 +/- 0.0527931515838
QCD_cen1brpf_par3: 0.0538515693159 +/- 0.0446155673868
QCD_cen1brpf_par4: 41.1242311641 +/- 4.36542827591
