QCD_cen2brpf_par0: 0.415200452929 +/- 0.0329575888321
QCD_cen2brpf_par1: 5.59828705036 +/- 0.512418071531
QCD_cen2brpf_par2: -7.06364155697 +/- 1.36516513663
QCD_cen2brpf_par3: 1.42374570549 +/- 1.09706020205
QCD_cen2brpf_par4: 6.23025604594 +/- 0.746814476675
