QCD_fwd0brpf_par0: 0.0180723105306 +/- 0.00218919655139
QCD_fwd0brpf_par1: 0.528064624985 +/- 0.00816351384451
