QCD_fwd1brpf_par0: 0.12543999849 +/- 0.00263215470031
QCD_fwd1brpf_par1: -0.0674147752325 +/- 0.0121977743163
QCD_fwd1brpf_par2: 0.537485320188 +/- 0.0293100761304
QCD_fwd1brpf_par3: -0.357786965298 +/- 0.0372258952994
QCD_fwd1brpf_par4: 8.24088980068 +/- 0.253610211015
