QCD_cen0brpf_par0: 0.00405460611204 +/- 0.00172510503901
QCD_cen0brpf_par1: 1.10150034208 +/- 0.0131890811791
